1
2
3
4
10
11
12
13
19
20
21
22
28
29
30
31
37
38
39
40
46
47
48
49
55
56
57
58
64
65
66
67
75
76
82
83
89
90
96
97
103
104
110
111
117
118
124
125
133
134
140
141
147
148
154
155
161
162
168
169
175
176
182
183
191
192
198
199
205
206
212
213
219
220
226
227
233
234
240
241
249
250
256
257
263
264
270
271
277
278
284
285
291
292
298
299
307
308
314
315
321
322
328
329
335
336
342
343
349
350
356
357
365
366
372
373
379
380
386
387
393
394
400
401
407
408
414
415
423
424
430
431
437
438
444
445
451
452
458
459
465
466
472
473
481
482
488
489
495
496
502
503
509
510
516
517
523
524
530
531
833
834
840
841
847
848
854
855
861
862
868
869
875
876
882
883
1185
1186
1192
1193
1199
1200
1206
1207
1213
1214
1220
1221
1227
1228
1234
1235
1537
1538
1544
1545
1551
1552
1558
1559
1565
1566
1572
1573
1579
1580
1586
1587
1889
1890
1896
1897
1903
1904
1910
1911
1917
1918
1924
1925
1931
1932
1938
1939
2241
2242
2248
2249
2255
2256
2262
2263
2269
2270
2276
2277
2283
2284
2290
2291
2593
2594
2600
2601
2607
2608
2614
2615
2621
2622
2628
2629
2635
2636
2642
2643
5
7
6
8
9
77
79
78
80
81
135
137
136
138
139
193
195
194
196
197
251
253
252
254
255
309
311
310
312
313
367
369
368
370
371
425
427
426
428
429
483
485
484
486
487
539
541
540
542
543
581
583
582
584
585
623
625
624
626
627
665
667
666
668
669
707
709
708
710
711
749
751
750
752
753
791
793
792
794
795
835
837
836
838
839
891
893
892
894
895
933
935
934
936
937
975
977
976
978
979
1017
1019
1018
1020
1021
1059
1061
1060
1062
1063
1101
1103
1102
1104
1105
1143
1145
1144
1146
1147
1187
1189
1188
1190
1191
1243
1245
1244
1246
1247
1285
1287
1286
1288
1289
1327
1329
1328
1330
1331
1369
1371
1370
1372
1373
1411
1413
1412
1414
1415
1453
1455
1454
1456
1457
1495
1497
1496
1498
1499
1539
1541
1540
1542
1543
1595
1597
1596
1598
1599
1637
1639
1638
1640
1641
1679
1681
1680
1682
1683
1721
1723
1722
1724
1725
1763
1765
1764
1766
1767
1805
1807
1806
1808
1809
1847
1849
1848
1850
1851
1891
1893
1892
1894
1895
1947
1949
1948
1950
1951
1989
1991
1990
1992
1993
2031
2033
2032
2034
2035
2073
2075
2074
2076
2077
2115
2117
2116
2118
2119
2157
2159
2158
2160
2161
2199
2201
2200
2202
2203
2243
2245
2244
2246
2247
2299
2301
2300
2302
2303
2341
2343
2342
2344
2345
2383
2385
2384
2386
2387
2425
2427
2426
2428
2429
2467
2469
2468
2470
2471
2509
2511
2510
2512
2513
2551
2553
2552
2554
2555
2595
2597
2596
2598
2599
2651
2653
2652
2654
2655
2693
2695
2694
2696
2697
2735
2737
2736
2738
2739
2777
2779
2778
2780
2781
2819
2821
2820
2822
2823
2861
2863
2862
2864
2865
2903
2905
2904
2906
2907
14
16
15
17
18
84
86
85
87
88
142
144
143
145
146
200
202
201
203
204
258
260
259
261
262
316
318
317
319
320
374
376
375
377
378
432
434
433
435
436
490
492
491
493
494
544
546
545
547
548
586
588
587
589
590
628
630
629
631
632
670
672
671
673
674
712
714
713
715
716
754
756
755
757
758
796
798
797
799
800
842
844
843
845
846
896
898
897
899
900
938
940
939
941
942
980
982
981
983
984
1022
1024
1023
1025
1026
1064
1066
1065
1067
1068
1106
1108
1107
1109
1110
1148
1150
1149
1151
1152
1194
1196
1195
1197
1198
1248
1250
1249
1251
1252
1290
1292
1291
1293
1294
1332
1334
1333
1335
1336
1374
1376
1375
1377
1378
1416
1418
1417
1419
1420
1458
1460
1459
1461
1462
1500
1502
1501
1503
1504
1546
1548
1547
1549
1550
1600
1602
1601
1603
1604
1642
1644
1643
1645
1646
1684
1686
1685
1687
1688
1726
1728
1727
1729
1730
1768
1770
1769
1771
1772
1810
1812
1811
1813
1814
1852
1854
1853
1855
1856
1898
1900
1899
1901
1902
1952
1954
1953
1955
1956
1994
1996
1995
1997
1998
2036
2038
2037
2039
2040
2078
2080
2079
2081
2082
2120
2122
2121
2123
2124
2162
2164
2163
2165
2166
2204
2206
2205
2207
2208
2250
2252
2251
2253
2254
2304
2306
2305
2307
2308
2346
2348
2347
2349
2350
2388
2390
2389
2391
2392
2430
2432
2431
2433
2434
2472
2474
2473
2475
2476
2514
2516
2515
2517
2518
2556
2558
2557
2559
2560
2602
2604
2603
2605
2606
2656
2658
2657
2659
2660
2698
2700
2699
2701
2702
2740
2742
2741
2743
2744
2782
2784
2783
2785
2786
2824
2826
2825
2827
2828
2866
2868
2867
2869
2870
2908
2910
2909
2911
2912
23
25
24
26
27
91
93
92
94
95
149
151
150
152
153
207
209
208
210
211
265
267
266
268
269
323
325
324
326
327
381
383
382
384
385
439
441
440
442
443
497
499
498
500
501
549
551
550
552
553
591
593
592
594
595
633
635
634
636
637
675
677
676
678
679
717
719
718
720
721
759
761
760
762
763
801
803
802
804
805
849
851
850
852
853
901
903
902
904
905
943
945
944
946
947
985
987
986
988
989
1027
1029
1028
1030
1031
1069
1071
1070
1072
1073
1111
1113
1112
1114
1115
1153
1155
1154
1156
1157
1201
1203
1202
1204
1205
1253
1255
1254
1256
1257
1295
1297
1296
1298
1299
1337
1339
1338
1340
1341
1379
1381
1380
1382
1383
1421
1423
1422
1424
1425
1463
1465
1464
1466
1467
1505
1507
1506
1508
1509
1553
1555
1554
1556
1557
1605
1607
1606
1608
1609
1647
1649
1648
1650
1651
1689
1691
1690
1692
1693
1731
1733
1732
1734
1735
1773
1775
1774
1776
1777
1815
1817
1816
1818
1819
1857
1859
1858
1860
1861
1905
1907
1906
1908
1909
1957
1959
1958
1960
1961
1999
2001
2000
2002
2003
2041
2043
2042
2044
2045
2083
2085
2084
2086
2087
2125
2127
2126
2128
2129
2167
2169
2168
2170
2171
2209
2211
2210
2212
2213
2257
2259
2258
2260
2261
2309
2311
2310
2312
2313
2351
2353
2352
2354
2355
2393
2395
2394
2396
2397
2435
2437
2436
2438
2439
2477
2479
2478
2480
2481
2519
2521
2520
2522
2523
2561
2563
2562
2564
2565
2609
2611
2610
2612
2613
2661
2663
2662
2664
2665
2703
2705
2704
2706
2707
2745
2747
2746
2748
2749
2787
2789
2788
2790
2791
2829
2831
2830
2832
2833
2871
2873
2872
2874
2875
2913
2915
2914
2916
2917
32
34
33
35
36
98
100
99
101
102
156
158
157
159
160
214
216
215
217
218
272
274
273
275
276
330
332
331
333
334
388
390
389
391
392
446
448
447
449
450
504
506
505
507
508
554
556
555
557
558
596
598
597
599
600
638
640
639
641
642
680
682
681
683
684
722
724
723
725
726
764
766
765
767
768
806
808
807
809
810
856
858
857
859
860
906
908
907
909
910
948
950
949
951
952
990
992
991
993
994
1032
1034
1033
1035
1036
1074
1076
1075
1077
1078
1116
1118
1117
1119
1120
1158
1160
1159
1161
1162
1208
1210
1209
1211
1212
1258
1260
1259
1261
1262
1300
1302
1301
1303
1304
1342
1344
1343
1345
1346
1384
1386
1385
1387
1388
1426
1428
1427
1429
1430
1468
1470
1469
1471
1472
1510
1512
1511
1513
1514
1560
1562
1561
1563
1564
1610
1612
1611
1613
1614
1652
1654
1653
1655
1656
1694
1696
1695
1697
1698
1736
1738
1737
1739
1740
1778
1780
1779
1781
1782
1820
1822
1821
1823
1824
1862
1864
1863
1865
1866
1912
1914
1913
1915
1916
1962
1964
1963
1965
1966
2004
2006
2005
2007
2008
2046
2048
2047
2049
2050
2088
2090
2089
2091
2092
2130
2132
2131
2133
2134
2172
2174
2173
2175
2176
2214
2216
2215
2217
2218
2264
2266
2265
2267
2268
2314
2316
2315
2317
2318
2356
2358
2357
2359
2360
2398
2400
2399
2401
2402
2440
2442
2441
2443
2444
2482
2484
2483
2485
2486
2524
2526
2525
2527
2528
2566
2568
2567
2569
2570
2616
2618
2617
2619
2620
2666
2668
2667
2669
2670
2708
2710
2709
2711
2712
2750
2752
2751
2753
2754
2792
2794
2793
2795
2796
2834
2836
2835
2837
2838
2876
2878
2877
2879
2880
2918
2920
2919
2921
2922
41
43
42
44
45
105
107
106
108
109
163
165
164
166
167
221
223
222
224
225
279
281
280
282
283
337
339
338
340
341
395
397
396
398
399
453
455
454
456
457
511
513
512
514
515
559
561
560
562
563
601
603
602
604
605
643
645
644
646
647
685
687
686
688
689
727
729
728
730
731
769
771
770
772
773
811
813
812
814
815
863
865
864
866
867
911
913
912
914
915
953
955
954
956
957
995
997
996
998
999
1037
1039
1038
1040
1041
1079
1081
1080
1082
1083
1121
1123
1122
1124
1125
1163
1165
1164
1166
1167
1215
1217
1216
1218
1219
1263
1265
1264
1266
1267
1305
1307
1306
1308
1309
1347
1349
1348
1350
1351
1389
1391
1390
1392
1393
1431
1433
1432
1434
1435
1473
1475
1474
1476
1477
1515
1517
1516
1518
1519
1567
1569
1568
1570
1571
1615
1617
1616
1618
1619
1657
1659
1658
1660
1661
1699
1701
1700
1702
1703
1741
1743
1742
1744
1745
1783
1785
1784
1786
1787
1825
1827
1826
1828
1829
1867
1869
1868
1870
1871
1919
1921
1920
1922
1923
1967
1969
1968
1970
1971
2009
2011
2010
2012
2013
2051
2053
2052
2054
2055
2093
2095
2094
2096
2097
2135
2137
2136
2138
2139
2177
2179
2178
2180
2181
2219
2221
2220
2222
2223
2271
2273
2272
2274
2275
2319
2321
2320
2322
2323
2361
2363
2362
2364
2365
2403
2405
2404
2406
2407
2445
2447
2446
2448
2449
2487
2489
2488
2490
2491
2529
2531
2530
2532
2533
2571
2573
2572
2574
2575
2623
2625
2624
2626
2627
2671
2673
2672
2674
2675
2713
2715
2714
2716
2717
2755
2757
2756
2758
2759
2797
2799
2798
2800
2801
2839
2841
2840
2842
2843
2881
2883
2882
2884
2885
2923
2925
2924
2926
2927
50
52
51
53
54
112
114
113
115
116
170
172
171
173
174
228
230
229
231
232
286
288
287
289
290
344
346
345
347
348
402
404
403
405
406
460
462
461
463
464
518
520
519
521
522
564
566
565
567
568
606
608
607
609
610
648
650
649
651
652
690
692
691
693
694
732
734
733
735
736
774
776
775
777
778
816
818
817
819
820
870
872
871
873
874
916
918
917
919
920
958
960
959
961
962
1000
1002
1001
1003
1004
1042
1044
1043
1045
1046
1084
1086
1085
1087
1088
1126
1128
1127
1129
1130
1168
1170
1169
1171
1172
1222
1224
1223
1225
1226
1268
1270
1269
1271
1272
1310
1312
1311
1313
1314
1352
1354
1353
1355
1356
1394
1396
1395
1397
1398
1436
1438
1437
1439
1440
1478
1480
1479
1481
1482
1520
1522
1521
1523
1524
1574
1576
1575
1577
1578
1620
1622
1621
1623
1624
1662
1664
1663
1665
1666
1704
1706
1705
1707
1708
1746
1748
1747
1749
1750
1788
1790
1789
1791
1792
1830
1832
1831
1833
1834
1872
1874
1873
1875
1876
1926
1928
1927
1929
1930
1972
1974
1973
1975
1976
2014
2016
2015
2017
2018
2056
2058
2057
2059
2060
2098
2100
2099
2101
2102
2140
2142
2141
2143
2144
2182
2184
2183
2185
2186
2224
2226
2225
2227
2228
2278
2280
2279
2281
2282
2324
2326
2325
2327
2328
2366
2368
2367
2369
2370
2408
2410
2409
2411
2412
2450
2452
2451
2453
2454
2492
2494
2493
2495
2496
2534
2536
2535
2537
2538
2576
2578
2577
2579
2580
2630
2632
2631
2633
2634
2676
2678
2677
2679
2680
2718
2720
2719
2721
2722
2760
2762
2761
2763
2764
2802
2804
2803
2805
2806
2844
2846
2845
2847
2848
2886
2888
2887
2889
2890
2928
2930
2929
2931
2932
59
61
60
62
63
119
121
120
122
123
177
179
178
180
181
235
237
236
238
239
293
295
294
296
297
351
353
352
354
355
409
411
410
412
413
467
469
468
470
471
525
527
526
528
529
569
571
570
572
573
611
613
612
614
615
653
655
654
656
657
695
697
696
698
699
737
739
738
740
741
779
781
780
782
783
821
823
822
824
825
877
879
878
880
881
921
923
922
924
925
963
965
964
966
967
1005
1007
1006
1008
1009
1047
1049
1048
1050
1051
1089
1091
1090
1092
1093
1131
1133
1132
1134
1135
1173
1175
1174
1176
1177
1229
1231
1230
1232
1233
1273
1275
1274
1276
1277
1315
1317
1316
1318
1319
1357
1359
1358
1360
1361
1399
1401
1400
1402
1403
1441
1443
1442
1444
1445
1483
1485
1484
1486
1487
1525
1527
1526
1528
1529
1581
1583
1582
1584
1585
1625
1627
1626
1628
1629
1667
1669
1668
1670
1671
1709
1711
1710
1712
1713
1751
1753
1752
1754
1755
1793
1795
1794
1796
1797
1835
1837
1836
1838
1839
1877
1879
1878
1880
1881
1933
1935
1934
1936
1937
1977
1979
1978
1980
1981
2019
2021
2020
2022
2023
2061
2063
2062
2064
2065
2103
2105
2104
2106
2107
2145
2147
2146
2148
2149
2187
2189
2188
2190
2191
2229
2231
2230
2232
2233
2285
2287
2286
2288
2289
2329
2331
2330
2332
2333
2371
2373
2372
2374
2375
2413
2415
2414
2416
2417
2455
2457
2456
2458
2459
2497
2499
2498
2500
2501
2539
2541
2540
2542
2543
2581
2583
2582
2584
2585
2637
2639
2638
2640
2641
2681
2683
2682
2684
2685
2723
2725
2724
2726
2727
2765
2767
2766
2768
2769
2807
2809
2808
2810
2811
2849
2851
2850
2852
2853
2891
2893
2892
2894
2895
2933
2935
2934
2936
2937
68
70
69
71
72
126
128
127
129
130
184
186
185
187
188
242
244
243
245
246
300
302
301
303
304
358
360
359
361
362
416
418
417
419
420
474
476
475
477
478
532
534
533
535
536
574
576
575
577
578
616
618
617
619
620
658
660
659
661
662
700
702
701
703
704
742
744
743
745
746
784
786
785
787
788
826
828
827
829
830
884
886
885
887
888
926
928
927
929
930
968
970
969
971
972
1010
1012
1011
1013
1014
1052
1054
1053
1055
1056
1094
1096
1095
1097
1098
1136
1138
1137
1139
1140
1178
1180
1179
1181
1182
1236
1238
1237
1239
1240
1278
1280
1279
1281
1282
1320
1322
1321
1323
1324
1362
1364
1363
1365
1366
1404
1406
1405
1407
1408
1446
1448
1447
1449
1450
1488
1490
1489
1491
1492
1530
1532
1531
1533
1534
1588
1590
1589
1591
1592
1630
1632
1631
1633
1634
1672
1674
1673
1675
1676
1714
1716
1715
1717
1718
1756
1758
1757
1759
1760
1798
1800
1799
1801
1802
1840
1842
1841
1843
1844
1882
1884
1883
1885
1886
1940
1942
1941
1943
1944
1982
1984
1983
1985
1986
2024
2026
2025
2027
2028
2066
2068
2067
2069
2070
2108
2110
2109
2111
2112
2150
2152
2151
2153
2154
2192
2194
2193
2195
2196
2234
2236
2235
2237
2238
2292
2294
2293
2295
2296
2334
2336
2335
2337
2338
2376
2378
2377
2379
2380
2418
2420
2419
2421
2422
2460
2462
2461
2463
2464
2502
2504
2503
2505
2506
2544
2546
2545
2547
2548
2586
2588
2587
2589
2590
2644
2646
2645
2647
2648
2686
2688
2687
2689
2690
2728
2730
2729
2731
2732
2770
2772
2771
2773
2774
2812
2814
2813
2815
2816
2854
2856
2855
2857
2858
2896
2898
2897
2899
2900
2938
2940
2939
2941
2942
0
73
74
131
132
189
190
247
248
305
306
363
364
421
422
479
480
537
538
579
580
621
622
663
664
705
706
747
748
789
790
831
832
889
890
931
932
973
974
1015
1016
1057
1058
1099
1100
1141
1142
1183
1184
1241
1242
1283
1284
1325
1326
1367
1368
1409
1410
1451
1452
1493
1494
1535
1536
1593
1594
1635
1636
1677
1678
1719
1720
1761
1762
1803
1804
1845
1846
1887
1888
1945
1946
1987
1988
2029
2030
2071
2072
2113
2114
2155
2156
2197
2198
2239
2240
2297
2298
2339
2340
2381
2382
2423
2424
2465
2466
2507
2508
2549
2550
2591
2592
2649
2650
2691
2692
2733
2734
2775
2776
2817
2818
2859
2860
2901
2902
2943
2944
2945
2946
2947
2948
2949
2950
2951
2952
2953
2954
2955
2956
2957
2958
2959
2960
2961
2962
2963
2964
2965
2966
2967
2968
2969
2970
2971
2972
2973
2974
2975
2976
2977
2978
2979
2980
2981
2982
2983
2984
2985
2986
2987
2988
2989
2990
2991
2992
2993
2994
2995
2996
2997
2998
2999
3000
3001
3002
3003
3004
3005
3006
3007
3008
3009
3010
3011
3012
3013
3014
3015
3016
3017
3018
3019
3020
3021
3022
3023
3024
3025
3026
3027
3028
3029
3030
3031
3032
3033
3034
3035
3036
3037
3038
3039
3040
3041
3042
3043
3044
3045
3046
3047
3048
3049
3050
3051
3052
3053
3054
3055
3056
3057
3058
3059
3060
3061
3062
3063
3064
3065
3066
3067
3068
3069
3070
3071
3072
3073
3074
3075
3076
3077
3078
3079
3080
3081
3082
3083
3084
3085
3086
3087
3088
3089
3090
3091
3092
3093
3094
3095
3096
3097
3098
3099
3100
3101
3102
3103
3104
3105
3106
3107
3108
3109
3110
3111
3112
3113
3114
3115
3116
3117
3118
3119
3120
3121
3122
3123
3124
3125
3126
3127
3128
3129
3130
3131
3132
3133
3134
3135
3136
3137
3138
3139
3140
3141
3142
3143
3144
3145
3146
3147
3148
3149
3150
3151
3152
3153
3154
3155
3156
3157
3158
3159
3160
3161
3162
3163
3164
3165
3166
3167
3168
3169
3170
3171
3172
3173
3174
3175
3176
3177
3178
3179
3180
3181
3182
3183
3184
3185
3186
3187
3188
3189
3190
3191
3192
3193
3194
3195
3196
3197
3198
3199
3200
3201
3202
3203
3204
3205
3206
3207
3208
3209
3210
3211
3212
3213
3214
3215
3216
3217
3218
3219
3220
3221
3222
3223
3224
3225
3226
3227
3228
3229
3230
3231
3232
3233
3234
3235
3236
3237
3238
3239
3240
3241
3242
3243
3244
3245
3246
3247
3248
3249
3250
3251
3252
3253
3254
3255
3256
3257
3258
3259
3260
3261
3262
3263
3264
3265
3266
3267
3268
3269
3270
3271
3272
3273
3274
3275
3276
3277
3278
3279
3280
3281
3282
3283
3284
3285
3286
3287
3288
3289
3290
3291
3292
3293
3294
3295
3296
3297
3298
3299
3300
3301
3302
3303
3304
3305
3306
3307
3308
3309
3310
3311
3312
3313
3314
3315
3316
3317
3318
3319
3320
3321
3322
3323
3324
3325
3326
3327
3328
3329
3330
3331
3332
3333
3334
3335
3336
3337
3338
3339
3340
3341
3342
3343
3344
3345
3346
3347
3348
3349
3350
3351
3352
3353
3354
3355
3356
3357
3358
3359
3360
3361
3362
3363
3364
3365
3366
3367
3368
3369
3370
3371
3372
3373
3374
3375
3376
3377
3378
3379
3380
3381
3382
3383
3384
3385
3386
3387
3388
3389
3390
3391
3392
3393
3394
3395
3396
3397
3398
3399
3400
3401
3402
3403
3404
3405
3406
3407
3408
3409
3410
3411
3412
3413
3414
3415
3416
3417
3418
3419
3420
3421
3422
3423
3424
3425
3426
3427
3428
3429
3430
3431
3432
3433
3434
3435
3436
3437
3438
3439
3440
3441
3442
3443
3444
3445
3446
3447
3448
3449
3450
3451
3452
3453
3454
3455
3456
3457
3458
3459
3460
3461
3462
3463
3464
3465
3466
3467
3468
3469
3470
3471
3472
3473
3474
3475
3476
3477
3478
3479
3480
3481
3482
3483
3484
3485
3486
3487
3488
3489
3490
3491
3492
3493
3494
3495
3496
3497
3498
3499
3500
3501
3502
3503
3504
3505
3506
3507
3508
3509
3510
3511
3512
3513
3514
3515
3516
3517
3518
3519
3520
3521
3522
3523
3524
3525
3526
3527
3528
3529
3530
3531
3532
3533
3534
3535
3536
3537
3538
3539
3540
3541
3542
3543
3544
3545
3546
3547
3548
3549
3550
3551
3552
3553
3554
3555
3556
3557
3558
3559
3560
3561
3562
3563
3564
3565
3566
3567
3568
3569
3570
3571
3572
3573
3574
3575
3576
3577
3578
3579
3580
3581
3582
3583
3584
3585
3586
3587
3588
3589
3590
3591
3592
3593
3594
3595
3596
3597
3598
3599
3600
3601
3602
3603
3604
3605
3606
3607
3608
3609
3610
3611
3612
3613
3614
3615
3616
3617
3618
3619
3620
3621
3622
3623
3624
3625
3626
3627
3628
3629
3630
3631
3632
3633
3634
3635
3636
3637
3638
3639
3640
3641
3642
3643
3644
3645
3646
3647
3648
3649
3650
3651
3652
3653
3654
3655
3656
3657
3658
3659
3660
3661
3662
3663
3664
3665
3666
3667
3668
3669
3670
3671
3672
3673
3674
3675
3676
3677
3678
3679
3680
3681
3682
3683
3684
3685
3686
3687
3688
3689
3690
3691
3692
3693
3694
3695
3696
3697
3698
3699
3700
3701
3702
3703
3704
3705
3706
3707
3708
3709
3710
3711
3712
3713
3714
3715
3716
3717
3718
3719
3720
3721
3722
3723
3724
3725
3726
3727
3728
3729
3730
3731
3732
3733
3734
3735
3736
3737
3738
3739
3740
3741
3742
3743
3744
3745
3746
3747
3748
3749
3750
3751
3752
3753
3754
3755
3756
3757
3758
3759
3760
3761
3762
3763
3764
3765
3766
3767
3768
3769
3770
3771
3772
3773
3774
3775
3776
3777
3778
3779
3780
3781
3782
3783
3784
3785
3786
3787
3788
3789
3790
3791
3792
3793
3794
3795
3796
3797
3798
3799
3800
3801
3802
3803
3804
3805
3806
3807
3808
3809
3810
3811
3812
3813
3814
3815
3816
3817
3818
3819
3820
3821
3822
3823
3824
3825
3826
3827
3828
3829
3830
3831
3832
3833
3834
3835
3836
3837
3838
3839
3840
3841
3842
3843
3844
3845
3846
3847
3848
3849
3850
3851
3852
3853
3854
3855
3856
3857
3858
3859
3860
3861
3862
3863
3864
3865
3866
3867
3868
3869
3870
3871
3872
3873
3874
3875
3876
3877
3878
3879
3880
3881
3882
3883
3884
3885
3886
3887
3888
3889
3890
3891
3892
3893
3894
3895
3896
3897
3898
3899
3900
3901
3902
3903
3904
3905
3906
3907
3908
3909
3910
3911
3912
3913
3914
3915
3916
3917
3918
3919
3920
3921
3922
3923
3924
3925
3926
3927
3928
3929
3930
3931
3932
3933
3934
3935
3936
3937
3938
3939
3940
3941
3942
3943
3944
3945
3946
3947
3948
3949
3950
3951
3952
3953
3954
3955
3956
3957
3958
3959
3960
3961
3962
3963
3964
3965
3966
3967
3968
3969
3970
3971
3972
3973
3974
3975
3976
3977
3978
3979
3980
3981
3982
3983
3984
3985
3986
3987
3988
3989
3990
3991
3992
3993
3994
3995
3996
3997
3998
3999
4000
4001
4002
4003
4004
4005
4006
4007
4008
4009
4010
4011
4012
4013
4014
4015
4016
4017
4018
4019
4020
4021
4022
4023
4024
4025
4026
4027
4028
4029
4030
4031
4032
4033
4034
4035
4036
4037
4038
4039
4040
4041
4042
4043
4044
4045
4046
4047
4048
4049
4050
4051
4052
4053
4054
4055
4056
4057
4058
4059
4060
4061
4062
4063
4064
4065
4066
4067
4068
4069
4070
4071
4072
4073
4074
4075
4076
4077
4078
4079
4080
4081
4082
4083
4084
4085
4086
4087
4088
4089
4090
4091
4092
4093
4094
4095
4096
4097
4098
4099
4100
4101
4102
4103
4104
4105
4106
4107
4108
4109
4110
4111
4112
4113
4114
4115
4116
4117
4118
4119
4120
4121
4122
4123
4124
4125
4126
4127
4128
4129
4130
4131
4132
4133
4134
4135
4136
4137
4138
4139
4140
4141
4142
4143
4144
4145
4146
4147
4148
4149
4150
4151
4152
4153
4154
4155
4156
4157
4158
4159
